Best Params: {'criterion': 'gini', 'max_depth': 10, 'n_estimators': 50}
Accuracy: 0.7984386089425124
F1-Score: 0.572289156626506